#
#"x_pos"	"Ant2 (y_pos=-2.75)"
#----------------------------
-2.7500000000000	0.14242143929005
-2.2500000000000	0.14845022559166
-1.7500000000000	0.15046869218349
-1.2500000000000	0.15331327915192
-0.75000000000000	0.15483033657074
-0.25000000000000	0.15369345247746
0.25000000000000	0.14972792565823
0.75000000000000	0.14550042152405
1.2500000000000	0.13848210871220
1.7500000000000	0.12996707856655
2.2500000000000	0.12237021327019
2.7500000000000	0.11416398733854
#
#"x_pos"	"Ant2 (y_pos=-2.25)"
#----------------------------
-2.7500000000000	0.16232429444790
-2.2500000000000	0.16951979696751
-1.7500000000000	0.17285285890102
-1.2500000000000	0.17520974576473
-0.75000000000000	0.17626170814037
-0.25000000000000	0.17410331964493
0.25000000000000	0.17149589955807
0.75000000000000	0.16463707387447
1.2500000000000	0.15532737970352
1.7500000000000	0.14381112158298
2.2500000000000	0.13507607579231
2.7500000000000	0.12191350758076
#
#"x_pos"	"Ant2 (y_pos=-1.75)"
#----------------------------
-2.7500000000000	0.18818388879299
-2.2500000000000	0.19665335118771
-1.7500000000000	0.20300747454166
-1.2500000000000	0.20487853884697
-0.75000000000000	0.20518612861633
-0.25000000000000	0.20581790804863
0.25000000000000	0.20155332982540
0.75000000000000	0.19091154634953
1.2500000000000	0.17704905569553
1.7500000000000	0.16233612596989
2.2500000000000	0.14767836034298
2.7500000000000	0.13217423856258
#
#"x_pos"	"Ant2 (y_pos=-1.25)"
#----------------------------
-2.7500000000000	0.22298279404640
-2.2500000000000	0.23954106867313
-1.7500000000000	0.23896516859531
-1.2500000000000	0.23948457837105
-0.75000000000000	0.24176320433617
-0.25000000000000	0.24390541017056
0.25000000000000	0.23845885694027
0.75000000000000	0.22607921063900
1.2500000000000	0.20019400119781
1.7500000000000	0.17855001986027
2.2500000000000	0.16210927069187
2.7500000000000	0.14172042906284
#
#"x_pos"	"Ant2 (y_pos=-0.75)"
#----------------------------
-2.7500000000000	0.26872751116753
-2.2500000000000	0.28413769602776
-1.7500000000000	0.28955107927322
-1.2500000000000	0.28199937939644
-0.75000000000000	0.27811387181282
-0.25000000000000	0.27869191765785
0.25000000000000	0.27183502912521
0.75000000000000	0.25628069043159
1.2500000000000	0.22623512148857
1.7500000000000	0.19632256031036
2.2500000000000	0.17208789288998
2.7500000000000	0.15082596242428
#
#"x_pos"	"Ant2 (y_pos=-0.25)"
#----------------------------
-2.7500000000000	0.33041727542877
-2.2500000000000	0.36250942945480
-1.7500000000000	0.36670333147049
-1.2500000000000	0.33948877453804
-0.75000000000000	0.31057476997375
-0.25000000000000	0.29257604479790
0.25000000000000	0.28283634781837
0.25000000000000	0.28283634781837
0.75000000000000	0.27395778894424
1.2500000000000	0.24330568313599
1.7500000000000	0.21109782159328
2.2500000000000	0.18102346360683
2.7500000000000	0.15774916112423
#
#"x_pos"	"Ant2 (y_pos=0.25)"
#---------------------------
-2.7500000000000	0.40933060646057
-2.2500000000000	0.47402238845825
-1.7500000000000	0.50109732151031
-1.2500000000000	0.44809791445732
-0.75000000000000	0.36136460304260
-0.25000000000000	0.31654164195061
0.25000000000000	0.29369544982910
0.75000000000000	0.27636119723320
1.2500000000000	0.24964165687561
1.7500000000000	0.21449205279350
2.2500000000000	0.18578505516052
2.7500000000000	0.16083858907223
#
#"x_pos"	"Ant2 (y_pos=0.75)"
#---------------------------
-2.7500000000000	0.50956040620804
-2.2500000000000	0.64255356788635
-1.7500000000000	0.74090713262558
-1.2500000000000	0.72852569818497
-0.75000000000000	0.47549769282341
-0.25000000000000	0.35054591298103
0.25000000000000	0.30555558204651
0.75000000000000	0.27847120165825
1.2500000000000	0.24580477178097
1.7500000000000	0.21278181672096
2.2500000000000	0.18594390153885
2.7500000000000	0.16122670471668
#
#"x_pos"	"Ant2 (y_pos=1.25)"
#---------------------------
-2.7500000000000	0.62007850408554
-2.2500000000000	0.84684616327286
-1.7500000000000	1.0685899257660
-1.2500000000000	1.0370020866394
-0.75000000000000	0.63097006082535
-0.25000000000000	0.40890738368034
0.25000000000000	0.32559460401535
0.75000000000000	0.27626344561577
1.2500000000000	0.23651464283466
1.7500000000000	0.20622204244137
2.2500000000000	0.18343780934811
2.7500000000000	0.15771402418613
#
#"x_pos"	"Ant2 (y_pos=1.75)"
#---------------------------
-2.7500000000000	0.70544660091400
-2.2500000000000	0.99014443159103
-1.7500000000000	1.1795425415039
-1.2500000000000	0.90556150674820
-0.75000000000000	0.62415146827698
-0.25000000000000	0.44012847542763
0.25000000000000	0.33319154381752
0.75000000000000	0.27279353141785
1.2500000000000	0.23138941824436
1.7500000000000	0.20076522231102
2.2500000000000	0.17700724303722
2.7500000000000	0.15353477001190
#
#"x_pos"	"Ant2 (y_pos=2.25)"
#---------------------------
-2.7500000000000	0.68848675489426
-2.2500000000000	0.92682683467865
-1.7500000000000	0.86578905582428
-1.2500000000000	0.71464401483536
-0.75000000000000	0.54770660400391
-0.25000000000000	0.41569337248802
0.25000000000000	0.32284042239189
0.75000000000000	0.26303192973137
1.2500000000000	0.22126528620720
1.7500000000000	0.18886010348797
2.2500000000000	0.16882444918156
2.7500000000000	0.14635249972343
#
#"x_pos"	"Ant2 (y_pos=2.75)"
#---------------------------
-2.7500000000000	0.53671157360077
-2.2500000000000	0.62645947933197
-1.7500000000000	0.60811644792557
-1.2500000000000	0.53308016061783
-0.75000000000000	0.44445738196373
-0.25000000000000	0.36319324374199
0.25000000000000	0.29564139246941
0.75000000000000	0.24789419770241
1.2500000000000	0.21107566356659
1.7500000000000	0.18094316124916
2.2500000000000	0.15376876294613
2.7500000000000	0.14191375672817
