#
#"x"	"Potential (Es)_0D_2 (y=9)"
#-------------------------------
0.0000000000000	6.7198357582092
0.20000000000000	6.7193946838379
0.40000000000000	6.7184247970581
0.60000000000000	6.7209510803223
0.80000000000000	6.7154698371887
1.0000000000000	6.7154188156128
1.2000000000000	6.7140278816223
1.4000000000000	6.7082905769348
1.6000000000000	6.7005438804626
1.8000000000000	6.6903586387634
2.0000000000000	6.6786608695984
2.2000000000000	6.6657338142395
2.4000000000000	6.6509556770325
2.6000000000000	6.6302251815796
2.8000000000000	6.6091313362122
3.0000000000000	6.5856480598450
#
#"x"	"Potential (Es)_0D_2 (y=12)"
#--------------------------------
0.0000000000000	5.2201776504517
0.20000000000000	5.2201256752014
0.40000000000000	5.2249979972839
0.60000000000000	5.2249617576599
0.80000000000000	5.2294955253601
1.0000000000000	5.2335162162781
1.2000000000000	5.2379193305969
1.4000000000000	5.2430343627930
1.6000000000000	5.2469539642334
1.8000000000000	5.2493739128113
2.0000000000000	5.2510752677917
2.2000000000000	5.2513852119446
2.4000000000000	5.2538123130798
2.6000000000000	5.2530403137207
2.8000000000000	5.2502169609070
3.0000000000000	5.2458739280701
#
#"x"	"Potential (Es)_0D_2 (y=15)"
#--------------------------------
0.0000000000000	4.4434986114502
0.20000000000000	4.4435448646545
0.40000000000000	4.4452471733093
0.60000000000000	4.4451661109924
0.80000000000000	4.4483456611633
1.0000000000000	4.4491510391235
1.2000000000000	4.4482026100159
1.4000000000000	4.4512186050415
1.6000000000000	4.4517483711243
1.8000000000000	4.4525523185730
2.0000000000000	4.4535284042358
2.2000000000000	4.4530763626099
2.4000000000000	4.4522843360901
2.6000000000000	4.4514536857605
2.8000000000000	4.4501228332520
3.0000000000000	4.4472980499268
#
#"x"	"Potential (Es)_0D_2 (y=18)"
#--------------------------------
0.0000000000000	3.9544749259949
0.20000000000000	3.9535255432129
0.40000000000000	3.9527986049652
0.60000000000000	3.9533002376556
0.80000000000000	3.9524159431458
1.0000000000000	3.9500558376312
1.2000000000000	3.9481770992279
1.4000000000000	3.9465947151184
1.6000000000000	3.9429440498352
1.8000000000000	3.9418294429779
2.0000000000000	3.9375100135803
2.2000000000000	3.9349539279938
2.4000000000000	3.9318318367004
2.6000000000000	3.9269382953644
2.8000000000000	3.9219067096710
3.0000000000000	3.9176309108734
#
#"x"	"Potential (Es)_0D_2 (y=21)"
#--------------------------------
0.0000000000000	3.6059925556183
0.20000000000000	3.6059429645538
0.40000000000000	3.6046197414398
0.60000000000000	3.6020169258118
0.80000000000000	3.5962784290314
1.0000000000000	3.5959048271179
1.2000000000000	3.5901541709900
1.4000000000000	3.5845999717712
1.6000000000000	3.5787806510925
1.8000000000000	3.5728359222412
2.0000000000000	3.5675137042999
2.2000000000000	3.5611264705658
2.4000000000000	3.5557980537415
2.6000000000000	3.5482583045959
2.8000000000000	3.5411696434021
3.0000000000000	3.5338633060455
#
#"x"	"Potential (Es)_0D_2 (y=24)"
#--------------------------------
0.0000000000000	3.3349859714508
0.20000000000000	3.3339667320251
0.40000000000000	3.3309464454651
0.60000000000000	3.3280942440033
0.80000000000000	3.3231048583984
1.0000000000000	3.3158185482025
1.2000000000000	3.3108828067780
1.4000000000000	3.3030850887299
1.6000000000000	3.2946038246155
1.8000000000000	3.2857573032379
2.0000000000000	3.2783946990967
2.2000000000000	3.2696344852448
2.4000000000000	3.2599265575409
2.6000000000000	3.2502024173737
2.8000000000000	3.2410378456116
3.0000000000000	3.2326111793518
#
#"x"	"Potential (Es)_0D_2 (y=27)"
#--------------------------------
0.0000000000000	3.1058447360992
0.20000000000000	3.1048192977905
0.40000000000000	3.1009309291840
0.60000000000000	3.0983068943024
0.80000000000000	3.0906624794006
1.0000000000000	3.0836186408997
1.2000000000000	3.0743882656097
1.4000000000000	3.0658147335052
1.6000000000000	3.0560476779938
1.8000000000000	3.0449168682098
2.0000000000000	3.0339832305908
2.2000000000000	3.0230545997620
2.4000000000000	3.0108230113983
2.6000000000000	2.9992570877075
2.8000000000000	2.9891011714935
3.0000000000000	2.9778058528900
#
#"x"	"Potential (Es)_0D_2 (y=30)"
#--------------------------------
0.0000000000000	2.8913576602936
0.20000000000000	2.8915960788727
0.40000000000000	2.8878526687622
0.60000000000000	2.8822007179260
0.80000000000000	2.8750936985016
1.0000000000000	2.8665235042572
1.2000000000000	2.8562242984772
1.4000000000000	2.8470366001129
1.6000000000000	2.8329792022705
1.8000000000000	2.8217475414276
2.0000000000000	2.8076529502869
2.2000000000000	2.7945482730865
2.4000000000000	2.7828080654144
2.6000000000000	2.7687363624573
2.8000000000000	2.7562537193298
3.0000000000000	2.7429997920990
#
#"x"	"Potential (Es)_0D_2 (y=33)"
#--------------------------------
0.0000000000000	2.6511204242706
0.20000000000000	2.6509330272675
0.40000000000000	2.6467661857605
0.60000000000000	2.6402440071106
0.80000000000000	2.6328642368317
1.0000000000000	2.6243879795074
1.2000000000000	2.6124646663666
1.4000000000000	2.6009511947632
1.6000000000000	2.5889163017273
1.8000000000000	2.5762696266174
2.0000000000000	2.5622158050537
2.2000000000000	2.5492494106293
2.4000000000000	2.5358636379242
2.6000000000000	2.5225913524628
2.8000000000000	2.5100920200348
3.0000000000000	2.4974155426025
#
#"x"	"Potential (Es)_0D_2 (y=36)"
#--------------------------------
0.0000000000000	2.3028185367584
0.20000000000000	2.3023293018341
0.40000000000000	2.2999968528748
0.60000000000000	2.2973024845123
0.80000000000000	2.2936151027679
1.0000000000000	2.2886774539948
1.2000000000000	2.2825126647949
1.4000000000000	2.2776563167572
1.6000000000000	2.2692997455597
1.8000000000000	2.2629742622375
2.0000000000000	2.2555978298187
2.2000000000000	2.2479078769684
2.4000000000000	2.2406508922577
2.6000000000000	2.2323875427246
2.8000000000000	2.2246840000153
3.0000000000000	2.2174568176270
