#
#"x"	"Potential (Es)_0D_2 (y=0)"
#-------------------------------
9.0000000000000	7.2011613845825
12.000000000000	6.1137552261353
15.000000000000	5.4782624244690
18.000000000000	5.0174555778503
21.000000000000	4.6479268074036
24.000000000000	4.3363194465637
27.000000000000	4.0595703125000
30.000000000000	3.7943675518036
33.000000000000	3.5003514289856
36.000000000000	3.0899147987366
#
#"x"	"Potential (Es)_0D_2 (y=0.2)"
#---------------------------------
9.0000000000000	7.1813955307007
12.000000000000	6.0865368843079
15.000000000000	5.4498076438904
18.000000000000	4.9935765266418
21.000000000000	4.6291923522949
24.000000000000	4.3202862739563
27.000000000000	4.0452041625977
30.000000000000	3.7836177349091
33.000000000000	3.4899647235870
36.000000000000	3.0818519592285
#
#"x"	"Potential (Es)_0D_2 (y=0.4)"
#---------------------------------
9.0000000000000	7.1679158210754
12.000000000000	6.0639905929565
15.000000000000	5.4251627922058
18.000000000000	4.9708485603333
21.000000000000	4.6099619865417
24.000000000000	4.3025507926941
27.000000000000	4.0298466682434
30.000000000000	3.7700140476227
33.000000000000	3.4775772094727
36.000000000000	3.0720846652985
#
#"x"	"Potential (Es)_0D_2 (y=0.6)"
#---------------------------------
9.0000000000000	7.1525177955627
12.000000000000	6.0391778945923
15.000000000000	5.4015870094299
18.000000000000	4.9483780860901
21.000000000000	4.5898237228394
24.000000000000	4.2846336364746
27.000000000000	4.0132308006287
30.000000000000	3.7526538372040
33.000000000000	3.4630835056305
36.000000000000	3.0622944831848
#
#"x"	"Potential (Es)_0D_2 (y=0.8)"
#---------------------------------
9.0000000000000	7.1346096992493
12.000000000000	6.0172095298767
15.000000000000	5.3778290748596
18.000000000000	4.9274983406067
21.000000000000	4.5679855346680
24.000000000000	4.2646822929382
27.000000000000	3.9954161643982
30.000000000000	3.7364144325256
33.000000000000	3.4468932151794
36.000000000000	3.0504150390625
#
#"x"	"Potential (Es)_0D_2 (y=1)"
#-------------------------------
9.0000000000000	7.1182274818420
12.000000000000	6.0005307197571
15.000000000000	5.3578944206238
18.000000000000	4.9060854911804
21.000000000000	4.5478243827820
24.000000000000	4.2450623512268
27.000000000000	3.9758906364441
30.000000000000	3.7170653343201
33.000000000000	3.4285943508148
36.000000000000	3.0385131835938
#
#"x"	"Potential (Es)_0D_2 (y=1.2)"
#---------------------------------
9.0000000000000	7.1015429496765
12.000000000000	5.9783644676208
15.000000000000	5.3371796607971
18.000000000000	4.8837523460388
21.000000000000	4.5266385078430
24.000000000000	4.2247118949890
27.000000000000	3.9544193744659
30.000000000000	3.6970458030701
33.000000000000	3.4090189933777
36.000000000000	3.0251467227936
#
#"x"	"Potential (Es)_0D_2 (y=1.4)"
#---------------------------------
9.0000000000000	7.0816349983215
12.000000000000	5.9619708061218
15.000000000000	5.3163866996765
18.000000000000	4.8640980720520
21.000000000000	4.5049204826355
24.000000000000	4.2038760185242
27.000000000000	3.9337296485901
30.000000000000	3.6758520603180
33.000000000000	3.3880419731140
36.000000000000	3.0117869377136
#
#"x"	"Potential (Es)_0D_2 (y=1.6)"
#---------------------------------
9.0000000000000	7.0600662231445
12.000000000000	5.9419918060303
15.000000000000	5.2959809303284
18.000000000000	4.8423266410828
21.000000000000	4.4836430549622
24.000000000000	4.1824078559875
27.000000000000	3.9129221439362
30.000000000000	3.6541750431061
33.000000000000	3.3676257133484
36.000000000000	2.9970166683197
#
#"x"	"Potential (Es)_0D_2 (y=1.8)"
#---------------------------------
9.0000000000000	7.0416302680969
12.000000000000	5.9232053756714
15.000000000000	5.2763695716858
18.000000000000	4.8199324607849
21.000000000000	4.4612088203430
24.000000000000	4.1606740951538
27.000000000000	3.8909189701080
30.000000000000	3.6317982673645
33.000000000000	3.3445296287537
36.000000000000	2.9828476905823
#
#"x"	"Potential (Es)_0D_2 (y=2)"
#-------------------------------
9.0000000000000	7.0193433761597
12.000000000000	5.9046893119812
15.000000000000	5.2561430931091
18.000000000000	4.7999911308289
21.000000000000	4.4402651786804
24.000000000000	4.1385993957520
27.000000000000	3.8682620525360
30.000000000000	3.6089155673981
33.000000000000	3.3232455253601
36.000000000000	2.9686036109924
#
#"x"	"Potential (Es)_0D_2 (y=2.2)"
#---------------------------------
9.0000000000000	6.9935202598572
12.000000000000	5.8863983154297
15.000000000000	5.2360920906067
18.000000000000	4.7793927192688
21.000000000000	4.4192609786987
24.000000000000	4.1167387962341
27.000000000000	3.8455543518066
30.000000000000	3.5856869220734
33.000000000000	3.3006408214569
36.000000000000	2.9533689022064
#
#"x"	"Potential (Es)_0D_2 (y=2.4)"
#---------------------------------
9.0000000000000	6.9656333923340
12.000000000000	5.8657307624817
15.000000000000	5.2142367362976
18.000000000000	4.7573709487915
21.000000000000	4.3978495597839
24.000000000000	4.0946354866028
27.000000000000	3.8231956958771
30.000000000000	3.5626294612885
33.000000000000	3.2784767150879
36.000000000000	2.9386866092682
#
#"x"	"Potential (Es)_0D_2 (y=2.6)"
#---------------------------------
9.0000000000000	6.9349489212036
12.000000000000	5.8465886116028
15.000000000000	5.1953692436218
18.000000000000	4.7373609542847
21.000000000000	4.3757929801941
24.000000000000	4.0717811584473
27.000000000000	3.8000729084015
30.000000000000	3.5394363403320
33.000000000000	3.2567172050476
36.000000000000	2.9232130050659
#
#"x"	"Potential (Es)_0D_2 (y=2.8)"
#---------------------------------
9.0000000000000	6.9048814773560
12.000000000000	5.8243851661682
15.000000000000	5.1729454994202
18.000000000000	4.7164082527161
21.000000000000	4.3548970222473
24.000000000000	4.0506243705750
27.000000000000	3.7782807350159
30.000000000000	3.5178294181824
33.000000000000	3.2356934547424
36.000000000000	2.9080469608307
#
#"x"	"Potential (Es)_0D_2 (y=3)"
#-------------------------------
9.0000000000000	6.8721613883972
12.000000000000	5.8027753829956
15.000000000000	5.1538043022156
18.000000000000	4.6935229301453
21.000000000000	4.3330488204956
24.000000000000	4.0283370018005
27.000000000000	3.7562334537506
30.000000000000	3.4954419136047
33.000000000000	3.2149882316589
36.000000000000	2.8939287662506
