#
#"x"	"Potential (Es)_0D_3 (y=0)"
#-------------------------------
9.0000000000000	6.7194252014160
12.000000000000	5.2196345329285
15.000000000000	4.4455094337463
18.000000000000	3.9554038047791
21.000000000000	3.6042888164520
24.000000000000	3.3342690467834
27.000000000000	3.1046831607819
30.000000000000	2.8918340206146
33.000000000000	2.6521685123444
36.000000000000	2.3030173778534
#
#"x"	"Potential (Es)_0D_3 (y=0.2)"
#---------------------------------
9.0000000000000	6.7209348678589
12.000000000000	5.2234873771667
15.000000000000	4.4433808326721
18.000000000000	3.9557521343231
21.000000000000	3.6039755344391
24.000000000000	3.3340084552765
27.000000000000	3.1047098636627
30.000000000000	2.8901200294495
33.000000000000	2.6499156951904
36.000000000000	2.3019399642944
#
#"x"	"Potential (Es)_0D_3 (y=0.4)"
#---------------------------------
9.0000000000000	6.7194333076477
12.000000000000	5.2228450775146
15.000000000000	4.4455647468567
18.000000000000	3.9540143013000
21.000000000000	3.6040539741516
24.000000000000	3.3319010734558
27.000000000000	3.1008973121643
30.000000000000	2.8876302242279
33.000000000000	2.6463196277618
36.000000000000	2.2997224330902
#
#"x"	"Potential (Es)_0D_3 (y=0.6)"
#---------------------------------
9.0000000000000	6.7199521064758
12.000000000000	5.2252745628357
15.000000000000	4.4458994865417
18.000000000000	3.9520144462585
21.000000000000	3.5986745357513
24.000000000000	3.3284869194031
27.000000000000	3.0958006381989
30.000000000000	2.8829443454742
33.000000000000	2.6406977176666
36.000000000000	2.2971477508545
#
#"x"	"Potential (Es)_0D_3 (y=0.8)"
#---------------------------------
9.0000000000000	6.7211542129517
12.000000000000	5.2309784889221
15.000000000000	4.4467930793762
18.000000000000	3.9511866569519
21.000000000000	3.5977253913879
24.000000000000	3.3225283622742
27.000000000000	3.0905394554138
30.000000000000	2.8759176731110
33.000000000000	2.6335730552673
36.000000000000	2.2931067943573
#
#"x"	"Potential (Es)_0D_3 (y=1)"
#-------------------------------
9.0000000000000	6.7146940231323
12.000000000000	5.2343101501465
15.000000000000	4.4477009773254
18.000000000000	3.9502828121185
21.000000000000	3.5941395759583
24.000000000000	3.3171195983887
27.000000000000	3.0825951099396
30.000000000000	2.8653738498688
33.000000000000	2.6238596439362
36.000000000000	2.2883360385895
#
#"x"	"Potential (Es)_0D_3 (y=1.2)"
#---------------------------------
9.0000000000000	6.7139582633972
12.000000000000	5.2400145530701
15.000000000000	4.4497685432434
18.000000000000	3.9480819702148
21.000000000000	3.5897142887115
24.000000000000	3.3099606037140
27.000000000000	3.0758879184723
30.000000000000	2.8564665317535
33.000000000000	2.6126911640167
36.000000000000	2.2828943729401
#
#"x"	"Potential (Es)_0D_3 (y=1.4)"
#---------------------------------
9.0000000000000	6.7081489562988
12.000000000000	5.2427678108215
15.000000000000	4.4527554512024
18.000000000000	3.9470629692078
21.000000000000	3.5856184959412
24.000000000000	3.3027248382568
27.000000000000	3.0665173530579
30.000000000000	2.8463044166565
33.000000000000	2.6008560657501
36.000000000000	2.2759571075439
#
#"x"	"Potential (Es)_0D_3 (y=1.6)"
#---------------------------------
9.0000000000000	6.7012786865234
12.000000000000	5.2427906990051
15.000000000000	4.4522824287415
18.000000000000	3.9445729255676
21.000000000000	3.5792429447174
24.000000000000	3.2954192161560
27.000000000000	3.0559961795807
30.000000000000	2.8336746692657
33.000000000000	2.5897715091705
36.000000000000	2.2699732780457
#
#"x"	"Potential (Es)_0D_3 (y=1.8)"
#---------------------------------
9.0000000000000	6.6931180953979
12.000000000000	5.2484726905823
15.000000000000	4.4526791572571
18.000000000000	3.9415285587311
21.000000000000	3.5740225315094
24.000000000000	3.2865214347839
27.000000000000	3.0449831485748
30.000000000000	2.8208582401276
33.000000000000	2.5760633945465
36.000000000000	2.2623207569122
#
#"x"	"Potential (Es)_0D_3 (y=2)"
#-------------------------------
9.0000000000000	6.6816296577454
12.000000000000	5.2504968643188
15.000000000000	4.4540200233459
18.000000000000	3.9378819465637
21.000000000000	3.5674610137939
24.000000000000	3.2776293754578
27.000000000000	3.0345175266266
30.000000000000	2.8081057071686
33.000000000000	2.5626718997955
36.000000000000	2.2546768188477
#
#"x"	"Potential (Es)_0D_3 (y=2.2)"
#---------------------------------
9.0000000000000	6.6649675369263
12.000000000000	5.2534251213074
15.000000000000	4.4534659385681
18.000000000000	3.9341959953308
21.000000000000	3.5607347488403
24.000000000000	3.2693994045258
27.000000000000	3.0226283073425
30.000000000000	2.7940618991852
33.000000000000	2.5491297245026
36.000000000000	2.2471485137939
#
#"x"	"Potential (Es)_0D_3 (y=2.4)"
#---------------------------------
9.0000000000000	6.6497464179993
12.000000000000	5.2520060539246
15.000000000000	4.4514203071594
18.000000000000	3.9305970668793
21.000000000000	3.5539755821228
24.000000000000	3.2598435878754
27.000000000000	3.0113098621368
30.000000000000	2.7818191051483
33.000000000000	2.5360825061798
36.000000000000	2.2398407459259
#
#"x"	"Potential (Es)_0D_3 (y=2.6)"
#---------------------------------
9.0000000000000	6.6301341056824
12.000000000000	5.2516560554504
15.000000000000	4.4511942863464
18.000000000000	3.9268059730530
21.000000000000	3.5483608245850
24.000000000000	3.2500996589661
27.000000000000	2.9994754791260
30.000000000000	2.7691977024078
33.000000000000	2.5229270458221
36.000000000000	2.2317335605621
#
#"x"	"Potential (Es)_0D_3 (y=2.8)"
#---------------------------------
9.0000000000000	6.6045603752136
12.000000000000	5.2504873275757
15.000000000000	4.4481077194214
18.000000000000	3.9237811565399
21.000000000000	3.5413053035736
24.000000000000	3.2408506870270
27.000000000000	2.9888670444489
30.000000000000	2.7559223175049
33.000000000000	2.5103652477264
36.000000000000	2.2244262695312
#
#"x"	"Potential (Es)_0D_3 (y=3)"
#-------------------------------
9.0000000000000	6.5856971740723
12.000000000000	5.2438921928406
15.000000000000	4.4481472969055
18.000000000000	3.9177682399750
21.000000000000	3.5336666107178
24.000000000000	3.2320785522461
27.000000000000	2.9774127006531
30.000000000000	2.7439463138580
33.000000000000	2.4971826076508
36.000000000000	2.2170000076294
