#
#"x"	"Potential (Es)_0D_2 (y=9)"
#-------------------------------
0.0000000000000	6.4837756156921
0.20000000000000	6.4925985336304
0.40000000000000	6.5135035514832
0.60000000000000	6.5498952865601
0.80000000000000	6.5884428024292
1.0000000000000	6.6226911544800
1.2000000000000	6.6543169021606
1.4000000000000	6.6819562911987
1.6000000000000	6.6998524665833
1.8000000000000	6.7146453857422
2.0000000000000	6.7175641059875
2.2000000000000	6.7169656753540
2.4000000000000	6.7132039070129
2.6000000000000	6.7009534835815
2.8000000000000	6.6825065612793
3.0000000000000	6.6671018600464
#
#"x"	"Potential (Es)_0D_2 (y=12)"
#--------------------------------
0.0000000000000	5.0261917114258
0.20000000000000	5.0316252708435
0.40000000000000	5.0444455146790
0.60000000000000	5.0644030570984
0.80000000000000	5.0884337425232
1.0000000000000	5.1106352806091
1.2000000000000	5.1375770568848
1.4000000000000	5.1579861640930
1.6000000000000	5.1797275543213
1.8000000000000	5.2003917694092
2.0000000000000	5.2127776145935
2.2000000000000	5.2269940376282
2.4000000000000	5.2372398376465
2.6000000000000	5.2434744834900
2.8000000000000	5.2482485771179
3.0000000000000	5.2524094581604
#
#"x"	"Potential (Es)_0D_2 (y=15)"
#--------------------------------
0.0000000000000	4.3764457702637
0.20000000000000	4.3766107559204
0.40000000000000	4.3822011947632
0.60000000000000	4.3875508308411
0.80000000000000	4.3975143432617
1.0000000000000	4.4052786827087
1.2000000000000	4.4136691093445
1.4000000000000	4.4230799674988
1.6000000000000	4.4301285743713
1.8000000000000	4.4362196922302
2.0000000000000	4.4420385360718
2.2000000000000	4.4457592964172
2.4000000000000	4.4492764472961
2.6000000000000	4.4507966041565
2.8000000000000	4.4522509574890
3.0000000000000	4.4518365859985
#
#"x"	"Potential (Es)_0D_2 (y=18)"
#--------------------------------
0.0000000000000	3.9754335880280
0.20000000000000	3.9751248359680
0.40000000000000	3.9727475643158
0.60000000000000	3.9723052978516
0.80000000000000	3.9719321727753
1.0000000000000	3.9685275554657
1.2000000000000	3.9665830135345
1.4000000000000	3.9655058383942
1.6000000000000	3.9611780643463
1.8000000000000	3.9596686363220
2.0000000000000	3.9556581974030
2.2000000000000	3.9530348777771
2.4000000000000	3.9482686519623
2.6000000000000	3.9444088935852
2.8000000000000	3.9407563209534
3.0000000000000	3.9360063076019
#
#"x"	"Potential (Es)_0D_2 (y=21)"
#--------------------------------
0.0000000000000	3.6932711601257
0.20000000000000	3.6903128623962
0.40000000000000	3.6867487430573
0.60000000000000	3.6779911518097
0.80000000000000	3.6720454692841
1.0000000000000	3.6602787971497
1.2000000000000	3.6507391929626
1.4000000000000	3.6402955055237
1.6000000000000	3.6303479671478
1.8000000000000	3.6207089424133
2.0000000000000	3.6090748310089
2.2000000000000	3.5992875099182
2.4000000000000	3.5901987552643
2.6000000000000	3.5820944309235
2.8000000000000	3.5711891651154
3.0000000000000	3.5648436546326
#
#"x"	"Potential (Es)_0D_2 (y=24)"
#--------------------------------
0.0000000000000	3.4752049446106
0.20000000000000	3.4719805717468
0.40000000000000	3.4638094902039
0.60000000000000	3.4521198272705
0.80000000000000	3.4380183219910
1.0000000000000	3.4227678775787
1.2000000000000	3.4052579402924
1.4000000000000	3.3894364833832
1.6000000000000	3.3724310398102
1.8000000000000	3.3561444282532
2.0000000000000	3.3401596546173
2.2000000000000	3.3252449035645
2.4000000000000	3.3112368583679
2.6000000000000	3.2975611686707
2.8000000000000	3.2836935520172
3.0000000000000	3.2712903022766
#
#"x"	"Potential (Es)_0D_2 (y=27)"
#--------------------------------
0.0000000000000	3.2907328605652
0.20000000000000	3.2865378856659
0.40000000000000	3.2764568328857
0.60000000000000	3.2616498470306
0.80000000000000	3.2412383556366
1.0000000000000	3.2218194007874
1.2000000000000	3.1992819309235
1.4000000000000	3.1762990951538
1.6000000000000	3.1547334194183
1.8000000000000	3.1338391304016
2.0000000000000	3.1133863925934
2.2000000000000	3.0944402217865
2.4000000000000	3.0761659145355
2.6000000000000	3.0583982467651
2.8000000000000	3.0409257411957
3.0000000000000	3.0251748561859
#
#"x"	"Potential (Es)_0D_2 (y=30)"
#--------------------------------
0.0000000000000	3.1179869174957
0.20000000000000	3.1138007640839
0.40000000000000	3.1002447605133
0.60000000000000	3.0806543827057
0.80000000000000	3.0576264858246
1.0000000000000	3.0318229198456
1.2000000000000	3.0053954124451
1.4000000000000	2.9776353836060
1.6000000000000	2.9521596431732
1.8000000000000	2.9262638092041
2.0000000000000	2.9018099308014
2.2000000000000	2.8790891170502
2.4000000000000	2.8570547103882
2.6000000000000	2.8367977142334
2.8000000000000	2.8162534236908
3.0000000000000	2.7981958389282
#
#"x"	"Potential (Es)_0D_2 (y=33)"
#--------------------------------
0.0000000000000	2.9105925559998
0.20000000000000	2.9035987854004
0.40000000000000	2.8889269828796
0.60000000000000	2.8674421310425
0.80000000000000	2.8391096591949
1.0000000000000	2.8087880611420
1.2000000000000	2.7775099277496
1.4000000000000	2.7469956874847
1.6000000000000	2.7190241813660
1.8000000000000	2.6899507045746
2.0000000000000	2.6629254817963
2.2000000000000	2.6370637416840
2.4000000000000	2.6145346164703
2.6000000000000	2.5924608707428
2.8000000000000	2.5723419189453
3.0000000000000	2.5527570247650
#
#"x"	"Potential (Es)_0D_2 (y=36)"
#--------------------------------
0.0000000000000	2.4148442745209
0.20000000000000	2.4116256237030
0.40000000000000	2.4070208072662
0.60000000000000	2.3976557254791
0.80000000000000	2.3876216411591
1.0000000000000	2.3754332065582
1.2000000000000	2.3623597621918
1.4000000000000	2.3491346836090
1.6000000000000	2.3347909450531
1.8000000000000	2.3210716247559
2.0000000000000	2.3091859817505
2.2000000000000	2.2959163188934
2.4000000000000	2.2832450866699
2.6000000000000	2.2725255489349
2.8000000000000	2.2597424983978
3.0000000000000	2.2500801086426
