#
#"x"	"Potential (Es)_0D_2 (y=0)"
#-------------------------------
9.0000000000000	6.9819722175598
12.000000000000	5.9153666496277
15.000000000000	5.3853259086609
18.000000000000	5.0077056884766
21.000000000000	4.7092175483704
24.000000000000	4.4595513343811
27.000000000000	4.2360858917236
30.000000000000	4.0206847190857
33.000000000000	3.7694668769836
36.000000000000	3.2074790000916
#
#"x"	"Potential (Es)_0D_2 (y=0.2)"
#---------------------------------
9.0000000000000	6.9717035293579
12.000000000000	5.8952565193176
15.000000000000	5.3597993850708
18.000000000000	4.9874682426453
21.000000000000	4.6895289421082
24.000000000000	4.4407348632812
27.000000000000	4.2211308479309
30.000000000000	4.0062575340271
33.000000000000	3.7550044059753
36.000000000000	3.1977062225342
#
#"x"	"Potential (Es)_0D_2 (y=0.4)"
#---------------------------------
9.0000000000000	6.9738388061523
12.000000000000	5.8787908554077
15.000000000000	5.3410563468933
18.000000000000	4.9641418457031
21.000000000000	4.6684737205505
24.000000000000	4.4191703796387
27.000000000000	4.1976666450500
30.000000000000	3.9824407100677
33.000000000000	3.7310290336609
36.000000000000	3.1855800151825
#
#"x"	"Potential (Es)_0D_2 (y=0.6)"
#---------------------------------
9.0000000000000	6.9865407943726
12.000000000000	5.8735256195068
15.000000000000	5.3243622779846
18.000000000000	4.9448451995850
21.000000000000	4.6462054252625
24.000000000000	4.3949007987976
27.000000000000	4.1684222221375
30.000000000000	3.9544949531555
33.000000000000	3.6981742382050
36.000000000000	3.1691417694092
#
#"x"	"Potential (Es)_0D_2 (y=0.8)"
#---------------------------------
9.0000000000000	7.0033888816833
12.000000000000	5.8715934753418
15.000000000000	5.3117470741272
18.000000000000	4.9255332946777
21.000000000000	4.6208224296570
24.000000000000	4.3667712211609
27.000000000000	4.1388001441956
30.000000000000	3.9199099540710
33.000000000000	3.6611964702606
36.000000000000	3.1504936218262
#
#"x"	"Potential (Es)_0D_2 (y=1)"
#-------------------------------
9.0000000000000	7.0208463668823
12.000000000000	5.8717923164368
15.000000000000	5.2987132072449
18.000000000000	4.9054293632507
21.000000000000	4.5969905853271
24.000000000000	4.3383364677429
27.000000000000	4.1069970130920
30.000000000000	3.8837130069733
33.000000000000	3.6206433773041
36.000000000000	3.1305887699127
#
#"x"	"Potential (Es)_0D_2 (y=1.2)"
#---------------------------------
9.0000000000000	7.0353536605835
12.000000000000	5.8721966743469
15.000000000000	5.2870268821716
18.000000000000	4.8865451812744
21.000000000000	4.5730977058411
24.000000000000	4.3091969490051
27.000000000000	4.0744671821594
30.000000000000	3.8479962348938
33.000000000000	3.5788559913635
36.000000000000	3.1090331077576
#
#"x"	"Potential (Es)_0D_2 (y=1.4)"
#---------------------------------
9.0000000000000	7.0422902107239
12.000000000000	5.8707933425903
15.000000000000	5.2752385139465
18.000000000000	4.8655095100403
21.000000000000	4.5474491119385
24.000000000000	4.2805914878845
27.000000000000	4.0405106544495
30.000000000000	3.8094503879547
33.000000000000	3.5403561592102
36.000000000000	3.0880146026611
#
#"x"	"Potential (Es)_0D_2 (y=1.6)"
#---------------------------------
9.0000000000000	7.0463266372681
12.000000000000	5.8717956542969
15.000000000000	5.2607712745667
18.000000000000	4.8472290039062
21.000000000000	4.5235571861267
24.000000000000	4.2514085769653
27.000000000000	4.0087513923645
30.000000000000	3.7734119892120
33.000000000000	3.5000758171082
36.000000000000	3.0664470195770
#
#"x"	"Potential (Es)_0D_2 (y=1.8)"
#---------------------------------
9.0000000000000	7.0458230972290
12.000000000000	5.8692278862000
15.000000000000	5.2492537498474
18.000000000000	4.8281779289246
21.000000000000	4.4989485740662
24.000000000000	4.2229466438293
27.000000000000	3.9754579067230
30.000000000000	3.7378172874451
33.000000000000	3.4633698463440
36.000000000000	3.0461289882660
#
#"x"	"Potential (Es)_0D_2 (y=2)"
#-------------------------------
9.0000000000000	7.0396199226379
12.000000000000	5.8631749153137
15.000000000000	5.2340121269226
18.000000000000	4.8055806159973
21.000000000000	4.4754843711853
24.000000000000	4.1958465576172
27.000000000000	3.9457933902740
30.000000000000	3.7027223110199
33.000000000000	3.4274525642395
36.000000000000	3.0244016647339
#
#"x"	"Potential (Es)_0D_2 (y=2.2)"
#---------------------------------
9.0000000000000	7.0299229621887
12.000000000000	5.8563647270203
15.000000000000	5.2187471389771
18.000000000000	4.7895159721375
21.000000000000	4.4511818885803
24.000000000000	4.1683521270752
27.000000000000	3.9155790805817
30.000000000000	3.6714863777161
33.000000000000	3.3939285278320
36.000000000000	3.0048754215240
#
#"x"	"Potential (Es)_0D_2 (y=2.4)"
#---------------------------------
9.0000000000000	7.0096058845520
12.000000000000	5.8481373786926
15.000000000000	5.2043266296387
18.000000000000	4.7669367790222
21.000000000000	4.4287624359131
24.000000000000	4.1429395675659
27.000000000000	3.8869898319244
30.000000000000	3.6404414176941
33.000000000000	3.3602049350739
36.000000000000	2.9850480556488
#
#"x"	"Potential (Es)_0D_2 (y=2.6)"
#---------------------------------
9.0000000000000	6.9916257858276
12.000000000000	5.8317151069641
15.000000000000	5.1904444694519
18.000000000000	4.7488751411438
21.000000000000	4.4036297798157
24.000000000000	4.1166615486145
27.000000000000	3.8579499721527
30.000000000000	3.6091167926788
33.000000000000	3.3303573131561
36.000000000000	2.9655683040619
#
#"x"	"Potential (Es)_0D_2 (y=2.8)"
#---------------------------------
9.0000000000000	6.9679517745972
12.000000000000	5.8203506469727
15.000000000000	5.1722350120544
18.000000000000	4.7260928153992
21.000000000000	4.3822674751282
24.000000000000	4.0902819633484
27.000000000000	3.8298532962799
30.000000000000	3.5791637897491
33.000000000000	3.3010828495026
#
#"x"	"Potential (Es)_0D_2 (y=3)"
#-------------------------------
9.0000000000000	6.9380960464478
12.000000000000	5.8083534240723
15.000000000000	5.1553540229797
18.000000000000	4.7064328193665
21.000000000000	4.3590941429138
24.000000000000	4.0652980804443
27.000000000000	3.8041293621063
30.000000000000	3.5511324405670
33.000000000000	3.2733628749847
36.000000000000	2.9282696247101
