#
#"x"	"Potential (Es)_0D_3 (y=9)"
#-------------------------------
0.0000000000000	6.9829864501953
0.20000000000000	6.9737005233765
0.40000000000000	6.9758367538452
0.60000000000000	6.9889516830444
0.80000000000000	7.0045671463013
1.0000000000000	7.0226750373840
1.2000000000000	7.0358915328979
1.4000000000000	7.0462069511414
1.6000000000000	7.0485792160034
1.8000000000000	7.0511445999146
2.0000000000000	7.0438089370728
2.2000000000000	7.0289263725281
2.4000000000000	7.0126957893372
2.6000000000000	6.9926481246948
2.8000000000000	6.9670934677124
3.0000000000000	6.9435515403748
#
#"x"	"Potential (Es)_0D_3 (y=12)"
#--------------------------------
0.0000000000000	5.9149570465088
0.20000000000000	5.8925023078918
0.40000000000000	5.8794641494751
0.60000000000000	5.8754739761353
0.80000000000000	5.8714518547058
1.0000000000000	5.8731083869934
1.2000000000000	5.8748641014099
1.4000000000000	5.8731379508972
1.6000000000000	5.8730363845825
1.8000000000000	5.8703565597534
2.0000000000000	5.8639078140259
2.2000000000000	5.8570737838745
2.4000000000000	5.8455691337585
2.6000000000000	5.8353276252747
2.8000000000000	5.8211164474487
3.0000000000000	5.8048982620239
#
#"x"	"Potential (Es)_0D_3 (y=15)"
#--------------------------------
0.0000000000000	5.3849873542786
0.20000000000000	5.3591160774231
0.40000000000000	5.3412175178528
0.60000000000000	5.3239092826843
0.80000000000000	5.3108096122742
1.0000000000000	5.2976651191711
1.2000000000000	5.2860417366028
1.4000000000000	5.2746729850769
1.6000000000000	5.2625536918640
1.8000000000000	5.2500491142273
2.0000000000000	5.2357978820801
2.2000000000000	5.2218570709229
2.4000000000000	5.2064666748047
2.6000000000000	5.1894326210022
2.8000000000000	5.1728444099426
3.0000000000000	5.1540675163269
#
#"x"	"Potential (Es)_0D_3 (y=18)"
#--------------------------------
0.0000000000000	5.0077729225159
0.20000000000000	4.9874420166016
0.40000000000000	4.9640355110168
0.60000000000000	4.9460682868958
0.80000000000000	4.9257307052612
1.0000000000000	4.9051179885864
1.2000000000000	4.8856697082520
1.4000000000000	4.8657836914062
1.6000000000000	4.8459763526917
1.8000000000000	4.8283367156982
2.0000000000000	4.8069996833801
2.2000000000000	4.7883105278015
2.4000000000000	4.7688097953796
2.6000000000000	4.7487640380859
2.8000000000000	4.7286334037781
3.0000000000000	4.7080655097961
#
#"x"	"Potential (Es)_0D_3 (y=21)"
#--------------------------------
0.0000000000000	4.7106785774231
0.20000000000000	4.6915326118469
0.40000000000000	4.6695365905762
0.60000000000000	4.6460957527161
0.80000000000000	4.6226115226746
1.0000000000000	4.5966467857361
1.2000000000000	4.5719485282898
1.4000000000000	4.5478839874268
1.6000000000000	4.5244231224060
1.8000000000000	4.4985766410828
2.0000000000000	4.4751629829407
2.2000000000000	4.4514851570129
2.4000000000000	4.4279751777649
2.6000000000000	4.4048156738281
2.8000000000000	4.3808650970459
3.0000000000000	4.3594479560852
#
#"x"	"Potential (Es)_0D_3 (y=24)"
#--------------------------------
0.0000000000000	4.4601683616638
0.20000000000000	4.4417095184326
0.40000000000000	4.4184026718140
0.60000000000000	4.3940005302429
0.80000000000000	4.3661122322083
1.0000000000000	4.3368363380432
1.2000000000000	4.3089532852173
1.4000000000000	4.2803111076355
1.6000000000000	4.2506608963013
1.8000000000000	4.2235155105591
2.0000000000000	4.1944718360901
2.2000000000000	4.1685647964478
2.4000000000000	4.1411585807800
2.6000000000000	4.1164174079895
2.8000000000000	4.0904865264893
3.0000000000000	4.0663971900940
#
#"x"	"Potential (Es)_0D_3 (y=27)"
#--------------------------------
0.0000000000000	4.2365036010742
0.20000000000000	4.2196078300476
0.40000000000000	4.1981444358826
0.60000000000000	4.1700944900513
0.80000000000000	4.1388468742371
1.0000000000000	4.1064572334290
1.2000000000000	4.0743060112000
1.4000000000000	4.0409193038940
1.6000000000000	4.0079073905945
1.8000000000000	3.9775965213776
2.0000000000000	3.9460644721985
2.2000000000000	3.9154324531555
2.4000000000000	3.8861486911774
2.6000000000000	3.8582386970520
2.8000000000000	3.8311438560486
3.0000000000000	3.8037734031677
#
#"x"	"Potential (Es)_0D_3 (y=30)"
#--------------------------------
0.0000000000000	4.0216522216797
0.20000000000000	4.0075101852417
0.40000000000000	3.9842667579651
0.60000000000000	3.9538311958313
0.80000000000000	3.9203982353210
1.0000000000000	3.8836741447449
1.2000000000000	3.8472476005554
1.4000000000000	3.8095917701721
1.6000000000000	3.7734522819519
1.8000000000000	3.7381482124329
2.0000000000000	3.7033307552338
2.2000000000000	3.6722276210785
2.4000000000000	3.6404280662537
2.6000000000000	3.6097865104675
2.8000000000000	3.5794675350189
3.0000000000000	3.5510866641998
#
#"x"	"Potential (Es)_0D_3 (y=33)"
#--------------------------------
0.0000000000000	3.7697196006775
0.20000000000000	3.7545733451843
0.40000000000000	3.7300765514374
0.60000000000000	3.6985535621643
0.80000000000000	3.6604123115540
1.0000000000000	3.6212654113770
1.2000000000000	3.5806033611298
1.4000000000000	3.5400948524475
1.6000000000000	3.5024845600128
1.8000000000000	3.4641642570496
2.0000000000000	3.4273409843445
2.2000000000000	3.3935875892639
2.4000000000000	3.3613967895508
2.6000000000000	3.3295366764069
2.8000000000000	3.3004012107849
3.0000000000000	3.2737705707550
#
#"x"	"Potential (Es)_0D_3 (y=36)"
#--------------------------------
0.0000000000000	3.2071404457092
0.20000000000000	3.1981959342957
0.40000000000000	3.1854116916656
0.60000000000000	3.1685061454773
0.80000000000000	3.1501252651215
1.0000000000000	3.1301074028015
1.2000000000000	3.1096732616425
1.4000000000000	3.0890619754791
1.6000000000000	3.0672667026520
1.8000000000000	3.0452616214752
2.0000000000000	3.0255391597748
2.2000000000000	3.0049998760223
2.4000000000000	2.9847698211670
2.6000000000000	2.9659903049469
2.8000000000000	2.9463071823120
3.0000000000000	2.9283788204193
