#
#"x"	"Potential (Es)_0D_1 (y=0)"
#-------------------------------
9.0000000000000	28.999818801880
12.000000000000	37.100055694580
15.000000000000	39.143466949463
18.000000000000	39.939620971680
21.000000000000	40.245677947998
24.000000000000	40.269065856934
27.000000000000	39.910472869873
30.000000000000	39.082965850830
33.000000000000	36.735263824463
36.000000000000	21.632572174072
#
#"x"	"Potential (Es)_0D_1 (y=0.2)"
#---------------------------------
9.0000000000000	28.534793853760
12.000000000000	36.710250854492
15.000000000000	38.772083282471
18.000000000000	39.593257904053
21.000000000000	39.899105072021
24.000000000000	39.887939453125
27.000000000000	39.582920074463
30.000000000000	38.688144683838
33.000000000000	36.365566253662
36.000000000000	21.529081344604
#
#"x"	"Potential (Es)_0D_1 (y=0.4)"
#---------------------------------
9.0000000000000	27.377986907959
12.000000000000	35.651115417480
15.000000000000	37.790309906006
18.000000000000	38.625812530518
21.000000000000	38.960281372070
24.000000000000	38.975254058838
27.000000000000	38.576236724854
30.000000000000	37.738315582275
33.000000000000	35.290195465088
36.000000000000	21.297775268555
#
#"x"	"Potential (Es)_0D_1 (y=0.6)"
#---------------------------------
9.0000000000000	25.797374725342
12.000000000000	34.219966888428
15.000000000000	36.405563354492
18.000000000000	37.311885833740
21.000000000000	37.666400909424
24.000000000000	37.670284271240
27.000000000000	37.288909912109
30.000000000000	36.380462646484
33.000000000000	33.855552673340
36.000000000000	20.897706985474
#
#"x"	"Potential (Es)_0D_1 (y=0.8)"
#---------------------------------
9.0000000000000	24.122940063477
12.000000000000	32.641799926758
15.000000000000	34.938625335693
18.000000000000	35.877414703369
21.000000000000	36.249050140381
24.000000000000	36.231079101562
27.000000000000	35.840290069580
30.000000000000	34.867984771729
33.000000000000	32.298130035400
36.000000000000	20.410341262817
#
#"x"	"Potential (Es)_0D_1 (y=1)"
#-------------------------------
9.0000000000000	22.567834854126
12.000000000000	31.069337844849
15.000000000000	33.443538665771
18.000000000000	34.410419464111
21.000000000000	34.780460357666
24.000000000000	34.758590698242
27.000000000000	34.402484893799
30.000000000000	33.358188629150
33.000000000000	30.708164215088
36.000000000000	19.905458450317
#
#"x"	"Potential (Es)_0D_1 (y=1.2)"
#---------------------------------
9.0000000000000	21.158725738525
12.000000000000	29.563306808472
15.000000000000	32.009361267090
18.000000000000	33.020694732666
21.000000000000	33.400577545166
24.000000000000	33.382919311523
27.000000000000	32.997829437256
30.000000000000	31.915847778320
33.000000000000	29.234540939331
36.000000000000	19.376541137695
#
#"x"	"Potential (Es)_0D_1 (y=1.4)"
#---------------------------------
9.0000000000000	19.922664642334
12.000000000000	28.155918121338
15.000000000000	30.659547805786
18.000000000000	31.701023101807
21.000000000000	32.115661621094
24.000000000000	32.098754882812
27.000000000000	31.681276321411
30.000000000000	30.597442626953
33.000000000000	27.854278564453
36.000000000000	18.850641250610
#
#"x"	"Potential (Es)_0D_1 (y=1.6)"
#---------------------------------
9.0000000000000	18.857318878174
12.000000000000	26.862104415894
15.000000000000	29.421100616455
18.000000000000	30.470149993896
21.000000000000	30.918958663940
24.000000000000	30.911088943481
27.000000000000	30.469944000244
30.000000000000	29.349058151245
33.000000000000	26.580282211304
36.000000000000	18.337858200073
#
#"x"	"Potential (Es)_0D_1 (y=1.8)"
#---------------------------------
9.0000000000000	17.944025039673
12.000000000000	25.702587127686
15.000000000000	28.263776779175
18.000000000000	29.357847213745
21.000000000000	29.791141510010
24.000000000000	29.781171798706
27.000000000000	29.333375930786
30.000000000000	28.208662033081
33.000000000000	25.431348800659
36.000000000000	17.854654312134
#
#"x"	"Potential (Es)_0D_1 (y=2)"
#-------------------------------
9.0000000000000	17.172941207886
12.000000000000	24.619081497192
15.000000000000	27.200468063354
18.000000000000	28.322170257568
21.000000000000	28.763582229614
24.000000000000	28.750066757202
27.000000000000	28.294651031494
30.000000000000	27.128679275513
33.000000000000	24.382123947144
36.000000000000	17.388927459717
#
#"x"	"Potential (Es)_0D_1 (y=2.2)"
#---------------------------------
9.0000000000000	16.489984512329
12.000000000000	23.617738723755
15.000000000000	26.222808837891
18.000000000000	27.356149673462
21.000000000000	27.796955108643
24.000000000000	27.795837402344
27.000000000000	27.311183929443
30.000000000000	26.154676437378
33.000000000000	23.404054641724
36.000000000000	16.935829162598
#
#"x"	"Potential (Es)_0D_1 (y=2.4)"
#---------------------------------
9.0000000000000	15.906046867371
12.000000000000	22.720691680908
15.000000000000	25.310455322266
18.000000000000	26.453714370728
21.000000000000	26.907041549683
24.000000000000	26.887058258057
27.000000000000	26.425228118896
30.000000000000	25.243240356445
33.000000000000	22.538301467896
36.000000000000	16.508863449097
#
#"x"	"Potential (Es)_0D_1 (y=2.6)"
#---------------------------------
9.0000000000000	15.388649940491
12.000000000000	21.880798339844
15.000000000000	24.452182769775
18.000000000000	25.612623214722
21.000000000000	26.077867507935
24.000000000000	26.077402114868
27.000000000000	25.580972671509
30.000000000000	24.402185440063
33.000000000000	21.723634719849
36.000000000000	16.127027511597
#
#"x"	"Potential (Es)_0D_1 (y=2.8)"
#---------------------------------
9.0000000000000	14.943387985229
12.000000000000	21.101701736450
15.000000000000	23.667594909668
18.000000000000	24.822052001953
21.000000000000	25.291685104370
24.000000000000	25.274763107300
27.000000000000	24.782749176025
30.000000000000	23.598352432251
33.000000000000	20.984939575195
36.000000000000	15.733262062073
#
#"x"	"Potential (Es)_0D_1 (y=3)"
#-------------------------------
9.0000000000000	14.548685073853
12.000000000000	20.394929885864
15.000000000000	22.931211471558
18.000000000000	24.085433959961
21.000000000000	24.552759170532
24.000000000000	24.538566589355
27.000000000000	24.050395965576
30.000000000000	22.864646911621
33.000000000000	20.299348831177
36.000000000000	15.386025428772
