#
#"x"	"Potential (Es)_0D_1 (y=0)"
#-------------------------------
0.0000000000000	7.7055215835571
3.0000000000000	7.9161715507507
6.0000000000000	8.5043067932129
9.0000000000000	9.6710958480835
12.000000000000	11.001197814941
15.000000000000	12.078574180603
18.000000000000	12.774565696716
21.000000000000	13.101266860962
24.000000000000	13.081519126892
27.000000000000	12.718098640442
30.000000000000	11.988177299500
33.000000000000	10.872826576233
36.000000000000	9.5148925781250
#
#"x"	"Potential (Es)_0D_1 (y=3)"
#-------------------------------
0.0000000000000	7.4922785758972
3.0000000000000	7.7751841545105
6.0000000000000	8.3631677627563
9.0000000000000	9.4303016662598
12.000000000000	10.631844520569
15.000000000000	11.630301475525
18.000000000000	12.283187866211
21.000000000000	12.592207908630
24.000000000000	12.572129249573
27.000000000000	12.223267555237
30.000000000000	11.534342765808
33.000000000000	10.496659278870
36.000000000000	9.2355041503906
#
#"x"	"Potential (Es)_0D_1 (y=6)"
#-------------------------------
0.0000000000000	6.9885783195496
3.0000000000000	7.3760457038879
6.0000000000000	7.9537081718445
9.0000000000000	8.8071966171265
12.000000000000	9.7508306503296
15.000000000000	10.551546096802
18.000000000000	11.099204063416
21.000000000000	11.362104415894
24.000000000000	11.341254234314
27.000000000000	11.035447120667
30.000000000000	10.443083763123
33.000000000000	9.5809392929077
36.000000000000	8.5434560775757
#
#"x"	"Potential (Es)_0D_1 (y=9)"
#-------------------------------
0.0000000000000	6.3879313468933
3.0000000000000	6.8199086189270
6.0000000000000	7.3518972396851
9.0000000000000	8.0095739364624
12.000000000000	8.7012529373169
15.000000000000	9.3028373718262
18.000000000000	9.7213430404663
21.000000000000	9.9230175018311
24.000000000000	9.9014434814453
27.000000000000	9.6499233245850
30.000000000000	9.1777133941650
33.000000000000	8.5067377090454
36.000000000000	7.7071685791016
#
#"x"	"Potential (Es)_0D_1 (y=12)"
#--------------------------------
0.0000000000000	5.8096771240234
3.0000000000000	6.2215270996094
6.0000000000000	6.6817116737366
9.0000000000000	7.1891245841980
12.000000000000	7.6921706199646
15.000000000000	8.1259555816650
18.000000000000	8.4338779449463
21.000000000000	8.5819540023804
24.000000000000	8.5568914413452
27.000000000000	8.3583593368530
30.000000000000	7.9939374923706
33.000000000000	7.4885721206665
36.000000000000	6.8864202499390
#
#"x"	"Potential (Es)_0D_1 (y=15)"
#--------------------------------
0.0000000000000	5.2875323295593
3.0000000000000	5.6510934829712
6.0000000000000	6.0316104888916
9.0000000000000	6.4235100746155
12.000000000000	6.7920770645142
15.000000000000	7.1050796508789
18.000000000000	7.3260579109192
21.000000000000	7.4292984008789
24.000000000000	7.4040064811707
27.000000000000	7.2494115829468
30.000000000000	6.9731788635254
33.000000000000	6.5964665412903
36.000000000000	6.1437792778015
#
#"x"	"Potential (Es)_0D_1 (y=18)"
#--------------------------------
0.0000000000000	4.8274765014648
3.0000000000000	5.1349449157715
6.0000000000000	5.4413037300110
9.0000000000000	5.7411022186279
12.000000000000	6.0166697502136
15.000000000000	6.2425346374512
18.000000000000	6.3988561630249
21.000000000000	6.4691038131714
24.000000000000	6.4443578720093
27.000000000000	6.3249030113220
30.000000000000	6.1146054267883
33.000000000000	5.8319358825684
36.000000000000	5.4885635375977
#
#"x"	"Potential (Es)_0D_1 (y=21)"
#--------------------------------
0.0000000000000	4.4234867095947
3.0000000000000	4.6770234107971
6.0000000000000	4.9206175804138
9.0000000000000	5.1479330062866
12.000000000000	5.3524136543274
15.000000000000	5.5163326263428
18.000000000000	5.6268801689148
21.000000000000	5.6736187934875
24.000000000000	5.6500759124756
27.000000000000	5.5554184913635
30.000000000000	5.3952775001526
33.000000000000	5.1801233291626
36.000000000000	4.9159951210022
#
#"x"	"Potential (Es)_0D_1 (y=24)"
#--------------------------------
0.0000000000000	4.0637168884277
3.0000000000000	4.2704281806946
6.0000000000000	4.4608798027039
9.0000000000000	4.6340880393982
12.000000000000	4.7832813262939
15.000000000000	4.9031920433044
18.000000000000	4.9814648628235
21.000000000000	5.0116648674011
24.000000000000	4.9892120361328
27.000000000000	4.9136309623718
30.000000000000	4.7892680168152
33.000000000000	4.6228346824646
36.000000000000	4.4169459342957
#
#"x"	"Potential (Es)_0D_1 (y=27)"
#--------------------------------
0.0000000000000	3.7394697666168
3.0000000000000	3.9071156978607
6.0000000000000	4.0545592308044
9.0000000000000	4.1856455802917
12.000000000000	4.2957425117493
15.000000000000	4.3821682929993
18.000000000000	4.4370918273926
21.000000000000	4.4558787345886
24.000000000000	4.4347648620605
27.000000000000	4.3735666275024
30.000000000000	4.2748308181763
33.000000000000	4.1440691947937
36.000000000000	3.9808561801910
#
#"x"	"Potential (Es)_0D_1 (y=30)"
#--------------------------------
0.0000000000000	3.4406895637512
3.0000000000000	3.5766026973724
6.0000000000000	3.6911756992340
9.0000000000000	3.7894511222839
12.000000000000	3.8722720146179
15.000000000000	3.9347741603851
18.000000000000	3.9736742973328
21.000000000000	3.9842841625214
24.000000000000	3.9645841121674
27.000000000000	3.9141240119934
30.000000000000	3.8347101211548
33.000000000000	3.7295711040497
36.000000000000	3.5987603664398
#
#"x"	"Potential (Es)_0D_1 (y=33)"
#--------------------------------
0.0000000000000	3.1583552360535
3.0000000000000	3.2705607414246
6.0000000000000	3.3616390228271
9.0000000000000	3.4376256465912
12.000000000000	3.5003893375397
15.000000000000	3.5470201969147
18.000000000000	3.5744187831879
21.000000000000	3.5797827243805
24.000000000000	3.5615715980530
27.000000000000	3.5190923213959
30.000000000000	3.4542062282562
33.000000000000	3.3685526847839
36.000000000000	3.2623827457428
#
#"x"	"Potential (Es)_0D_1 (y=36)"
#--------------------------------
0.0000000000000	2.8940489292145
3.0000000000000	2.9874947071075
6.0000000000000	3.0628738403320
9.0000000000000	3.1249492168427
12.000000000000	3.1744468212128
15.000000000000	3.2100274562836
18.000000000000	3.2302148342133
21.000000000000	3.2318110466003
24.000000000000	3.2151513099670
27.000000000000	3.1793019771576
30.000000000000	3.1250627040863
33.000000000000	3.0540995597839
36.000000000000	2.9665899276733
