#
#"x"	"Potential (Es)_0D_2 (y=0)"
#-------------------------------
9.0000000000000	7.1515941619873
12.000000000000	6.0447077751160
15.000000000000	5.4437217712402
18.000000000000	5.0172448158264
21.000000000000	4.6757292747498
24.000000000000	4.3886041641235
27.000000000000	4.1341547966003
30.000000000000	3.8893439769745
33.000000000000	3.6078107357025
36.000000000000	3.1421792507172
#
#"x"	"Potential (Es)_0D_2 (y=0.2)"
#---------------------------------
9.0000000000000	7.1348166465759
12.000000000000	6.0179619789124
15.000000000000	5.4191441535950
18.000000000000	4.9939689636230
21.000000000000	4.6561470031738
24.000000000000	4.3717727661133
27.000000000000	4.1188626289368
30.000000000000	3.8769924640656
33.000000000000	3.5969467163086
36.000000000000	3.1340622901917
#
#"x"	"Potential (Es)_0D_2 (y=0.4)"
#---------------------------------
9.0000000000000	7.1226358413696
12.000000000000	5.9960250854492
15.000000000000	5.3949737548828
18.000000000000	4.9721527099609
21.000000000000	4.6362915039062
24.000000000000	4.3538703918457
27.000000000000	4.1029195785522
30.000000000000	3.8602421283722
33.000000000000	3.5820603370667
36.000000000000	3.1239471435547
#
#"x"	"Potential (Es)_0D_2 (y=0.6)"
#---------------------------------
9.0000000000000	7.1149492263794
12.000000000000	5.9785270690918
15.000000000000	5.3747348785400
18.000000000000	4.9508805274963
21.000000000000	4.6155891418457
24.000000000000	4.3326382637024
27.000000000000	4.0830922126770
30.000000000000	3.8412129878998
33.000000000000	3.5628788471222
36.000000000000	3.1121456623077
#
#"x"	"Potential (Es)_0D_2 (y=0.8)"
#---------------------------------
9.0000000000000	7.1045384407043
12.000000000000	5.9616084098816
15.000000000000	5.3552527427673
18.000000000000	4.9293556213379
21.000000000000	4.5942845344543
24.000000000000	4.3105282783508
27.000000000000	4.0599217414856
30.000000000000	3.8187754154205
33.000000000000	3.5401155948639
36.000000000000	3.0972406864166
#
#"x"	"Potential (Es)_0D_2 (y=1)"
#-------------------------------
9.0000000000000	7.0981378555298
12.000000000000	5.9490647315979
15.000000000000	5.3355793952942
18.000000000000	4.9083652496338
21.000000000000	4.5717930793762
24.000000000000	4.2884569168091
27.000000000000	4.0380516052246
30.000000000000	3.7933115959167
33.000000000000	3.5138297080994
36.000000000000	3.0822534561157
#
#"x"	"Potential (Es)_0D_2 (y=1.2)"
#---------------------------------
9.0000000000000	7.0914239883423
12.000000000000	5.9375681877136
15.000000000000	5.3154602050781
18.000000000000	4.8871722221375
21.000000000000	4.5496706962585
24.000000000000	4.2652268409729
27.000000000000	4.0114679336548
30.000000000000	3.7667634487152
33.000000000000	3.4875395298004
36.000000000000	3.0660743713379
#
#"x"	"Potential (Es)_0D_2 (y=1.4)"
#---------------------------------
9.0000000000000	7.0819907188416
12.000000000000	5.9215545654297
15.000000000000	5.3009891510010
18.000000000000	4.8665494918823
21.000000000000	4.5283360481262
24.000000000000	4.2407093048096
27.000000000000	3.9877142906189
30.000000000000	3.7407259941101
33.000000000000	3.4609682559967
36.000000000000	3.0498330593109
#
#"x"	"Potential (Es)_0D_2 (y=1.6)"
#---------------------------------
9.0000000000000	7.0716390609741
12.000000000000	5.9132390022278
15.000000000000	5.2815480232239
18.000000000000	4.8462805747986
21.000000000000	4.5053515434265
24.000000000000	4.2168455123901
27.000000000000	3.9608838558197
30.000000000000	3.7119863033295
33.000000000000	3.4319062232971
36.000000000000	3.0324072837830
#
#"x"	"Potential (Es)_0D_2 (y=1.8)"
#---------------------------------
9.0000000000000	7.0610275268555
12.000000000000	5.9012494087219
15.000000000000	5.2644271850586
18.000000000000	4.8253455162048
21.000000000000	4.4820208549500
24.000000000000	4.1921114921570
27.000000000000	3.9348039627075
30.000000000000	3.6842212677002
33.000000000000	3.4031007289886
36.000000000000	3.0151674747467
#
#"x"	"Potential (Es)_0D_2 (y=2)"
#-------------------------------
9.0000000000000	7.0406370162964
12.000000000000	5.8894228935242
15.000000000000	5.2485575675964
18.000000000000	4.8070716857910
21.000000000000	4.4598302841187
24.000000000000	4.1687579154968
27.000000000000	3.9077968597412
30.000000000000	3.6580774784088
33.000000000000	3.3758678436279
36.000000000000	2.9985289573669
#
#"x"	"Potential (Es)_0D_2 (y=2.2)"
#---------------------------------
9.0000000000000	7.0228567123413
12.000000000000	5.8747448921204
15.000000000000	5.2306513786316
18.000000000000	4.7845311164856
21.000000000000	4.4365382194519
24.000000000000	4.1453552246094
27.000000000000	3.8819756507874
30.000000000000	3.6298213005066
33.000000000000	3.3474977016449
36.000000000000	2.9804756641388
#
#"x"	"Potential (Es)_0D_2 (y=2.4)"
#---------------------------------
9.0000000000000	6.9960937500000
12.000000000000	5.8596463203430
15.000000000000	5.2120671272278
18.000000000000	4.7654876708984
21.000000000000	4.4144520759583
24.000000000000	4.1195750236511
27.000000000000	3.8567123413086
30.000000000000	3.6026229858398
33.000000000000	3.3212726116180
36.000000000000	2.9628188610077
#
#"x"	"Potential (Es)_0D_2 (y=2.6)"
#---------------------------------
9.0000000000000	6.9709749221802
12.000000000000	5.8447570800781
15.000000000000	5.1934628486633
18.000000000000	4.7422780990601
21.000000000000	4.3923444747925
24.000000000000	4.0966830253601
27.000000000000	3.8320682048798
30.000000000000	3.5768742561340
33.000000000000	3.2957894802094
36.000000000000	2.9462907314301
#
#"x"	"Potential (Es)_0D_2 (y=2.8)"
#---------------------------------
9.0000000000000	6.9432330131531
12.000000000000	5.8254032135010
15.000000000000	5.1746912002563
18.000000000000	4.7230024337769
21.000000000000	4.3700699806213
24.000000000000	4.0724797248840
27.000000000000	3.8069343566895
30.000000000000	3.5507228374481
33.000000000000	3.2699453830719
36.000000000000	2.9296720027924
#
#"x"	"Potential (Es)_0D_2 (y=3)"
#-------------------------------
9.0000000000000	6.9125089645386
12.000000000000	5.8078761100769
15.000000000000	5.1545481681824
18.000000000000	4.7023234367371
21.000000000000	4.3477625846863
24.000000000000	4.0490145683289
27.000000000000	3.7822995185852
30.000000000000	3.5256435871124
33.000000000000	3.2465713024139
36.000000000000	2.9130957126617
