#
#"x"	"Potential (Es)_0D_3 (y=0)"
#-------------------------------
9.0000000000000	6.7076449394226
12.000000000000	5.2448582649231
15.000000000000	4.4508843421936
18.000000000000	3.9439489841461
21.000000000000	3.5829637050629
24.000000000000	3.3022477626801
27.000000000000	3.0633363723755
30.000000000000	2.8427491188049
33.000000000000	2.6000368595123
36.000000000000	2.2749118804932
#
#"x"	"Potential (Es)_0D_3 (y=0.2)"
#---------------------------------
9.0000000000000	6.7038202285767
12.000000000000	5.2421617507935
15.000000000000	4.4505620002747
18.000000000000	3.9465663433075
21.000000000000	3.5844511985779
24.000000000000	3.3006253242493
27.000000000000	3.0633645057678
30.000000000000	2.8415265083313
33.000000000000	2.5980131626129
36.000000000000	2.2742178440094
#
#"x"	"Potential (Es)_0D_3 (y=0.4)"
#---------------------------------
9.0000000000000	6.7085714340210
12.000000000000	5.2447185516357
15.000000000000	4.4529705047607
18.000000000000	3.9453852176666
21.000000000000	3.5832865238190
24.000000000000	3.2986490726471
27.000000000000	3.0614855289459
30.000000000000	2.8390276432037
33.000000000000	2.5954310894012
36.000000000000	2.2739984989166
#
#"x"	"Potential (Es)_0D_3 (y=0.6)"
#---------------------------------
9.0000000000000	6.7038240432739
12.000000000000	5.2459559440613
15.000000000000	4.4531593322754
18.000000000000	3.9436535835266
21.000000000000	3.5807497501373
24.000000000000	3.2965486049652
27.000000000000	3.0571055412292
30.000000000000	2.8365933895111
33.000000000000	2.5905339717865
36.000000000000	2.2700178623199
#
#"x"	"Potential (Es)_0D_3 (y=0.8)"
#---------------------------------
9.0000000000000	6.6987218856812
12.000000000000	5.2468199729919
15.000000000000	4.4532308578491
18.000000000000	3.9448893070221
21.000000000000	3.5780372619629
24.000000000000	3.2938399314880
27.000000000000	3.0531263351440
30.000000000000	2.8304255008698
33.000000000000	2.5858528614044
36.000000000000	2.2672519683838
#
#"x"	"Potential (Es)_0D_3 (y=1)"
#-------------------------------
9.0000000000000	6.6957597732544
12.000000000000	5.2474617958069
15.000000000000	4.4524378776550
18.000000000000	3.9423689842224
21.000000000000	3.5741791725159
24.000000000000	3.2891156673431
27.000000000000	3.0476682186127
30.000000000000	2.8235518932343
33.000000000000	2.5780308246613
36.000000000000	2.2626435756683
#
#"x"	"Potential (Es)_0D_3 (y=1.2)"
#---------------------------------
9.0000000000000	6.6871876716614
12.000000000000	5.2498207092285
15.000000000000	4.4528870582581
18.000000000000	3.9402210712433
21.000000000000	3.5722815990448
24.000000000000	3.2840304374695
27.000000000000	3.0410978794098
30.000000000000	2.8161754608154
33.000000000000	2.5713489055634
36.000000000000	2.2589547634125
#
#"x"	"Potential (Es)_0D_3 (y=1.4)"
#---------------------------------
9.0000000000000	6.6799993515015
12.000000000000	5.2512869834900
15.000000000000	4.4518833160400
18.000000000000	3.9379405975342
21.000000000000	3.5669419765472
24.000000000000	3.2775151729584
27.000000000000	3.0338034629822
30.000000000000	2.8075697422028
33.000000000000	2.5619413852692
36.000000000000	2.2546491622925
#
#"x"	"Potential (Es)_0D_3 (y=1.6)"
#---------------------------------
9.0000000000000	6.6727328300476
12.000000000000	5.2525868415833
15.000000000000	4.4538035392761
18.000000000000	3.9370739459991
21.000000000000	3.5626804828644
24.000000000000	3.2702777385712
27.000000000000	3.0256211757660
30.000000000000	2.7976098060608
33.000000000000	2.5527617931366
36.000000000000	2.2485063076019
#
#"x"	"Potential (Es)_0D_3 (y=1.8)"
#---------------------------------
9.0000000000000	6.6591482162476
12.000000000000	5.2557530403137
15.000000000000	4.4523434638977
18.000000000000	3.9329524040222
21.000000000000	3.5572819709778
24.000000000000	3.2629773616791
27.000000000000	3.0155909061432
30.000000000000	2.7880854606628
33.000000000000	2.5415897369385
36.000000000000	2.2422316074371
#
#"x"	"Potential (Es)_0D_3 (y=2)"
#-------------------------------
9.0000000000000	6.6409111022949
12.000000000000	5.2535929679871
15.000000000000	4.4514765739441
18.000000000000	3.9291825294495
21.000000000000	3.5534911155701
24.000000000000	3.2572062015533
27.000000000000	3.0070023536682
30.000000000000	2.7778241634369
33.000000000000	2.5325334072113
36.000000000000	2.2375032901764
#
#"x"	"Potential (Es)_0D_3 (y=2.2)"
#---------------------------------
9.0000000000000	6.6276273727417
12.000000000000	5.2504353523254
15.000000000000	4.4511342048645
18.000000000000	3.9275269508362
21.000000000000	3.5465083122253
24.000000000000	3.2486574649811
27.000000000000	2.9977073669434
30.000000000000	2.7663760185242
33.000000000000	2.5207312107086
36.000000000000	2.2304360866547
#
#"x"	"Potential (Es)_0D_3 (y=2.4)"
#---------------------------------
9.0000000000000	6.6081914901733
12.000000000000	5.2495079040527
15.000000000000	4.4504971504211
18.000000000000	3.9240229129791
21.000000000000	3.5410475730896
24.000000000000	3.2402155399323
27.000000000000	2.9893267154694
30.000000000000	2.7552850246429
33.000000000000	2.5108053684235
36.000000000000	2.2238926887512
#
#"x"	"Potential (Es)_0D_3 (y=2.6)"
#---------------------------------
9.0000000000000	6.5895414352417
12.000000000000	5.2461962699890
15.000000000000	4.4479432106018
18.000000000000	3.9185004234314
21.000000000000	3.5345861911774
24.000000000000	3.2327122688293
27.000000000000	2.9783902168274
30.000000000000	2.7446398735046
33.000000000000	2.4994356632233
36.000000000000	2.2172391414642
#
#"x"	"Potential (Es)_0D_3 (y=2.8)"
#---------------------------------
9.0000000000000	6.5646371841431
12.000000000000	5.2423915863037
15.000000000000	4.4448933601379
18.000000000000	3.9133892059326
21.000000000000	3.5282557010651
24.000000000000	3.2249948978424
27.000000000000	2.9696145057678
30.000000000000	2.7333452701569
33.000000000000	2.4879777431488
36.000000000000	2.2104871273041
#
#"x"	"Potential (Es)_0D_3 (y=3)"
#-------------------------------
9.0000000000000	6.5423822402954
12.000000000000	5.2373580932617
15.000000000000	4.4402542114258
18.000000000000	3.9107851982117
21.000000000000	3.5218966007233
24.000000000000	3.2160303592682
27.000000000000	2.9587445259094
30.000000000000	2.7223577499390
33.000000000000	2.4768259525299
36.000000000000	2.2031388282776
